4
1
25
40
0 0
1 0
2 0
3 0
4 0
0 1
1 1
2 1
3 1
4 1
0 2
1 2
2 2
3 2
4 2
0 3
1 3
2 3
3 3
4 3
0 4
1 4
2 4
3 4
4 4
1 1 1
0 0 0
0 0 0
0 0 0
1 0 0
0 0 0
0 0 0
0 0 0
0 0 0
0 0 0
0 0 0
0 0 0
0 0 0
0 0 0
0 0 0
0 0 0
0 0 0
0 0 0
0 0 0
0 0 0
1 1 1
0 0 0
0 0 0
0 0 0
1 0 0 
1 2 1 1 0
2 3 1 1 0
3 4 1 1 0
4 5 1 1 0
1 6 1 1 0
2 7 1 1 0
3 8 1 1 0
4 9 1 1 0
5 10 1 1 0
6 7 1 1 0
7 8 1 1 0
8 9 1 1 0
9 10 1 1 0
6 11 1 1 0
7 12 1 1 0
8 13 1 1 0
9 14 1 1 0
10 15 1 1 0 
11 12 1 1 0
12 13 1 1 0  
13 14 1 1 0
14 15 1 1 0
11 16 1 1 0
12 17 1 1 0
13 18 1 1 0
14 19 1 1 0
15 20 1 1 0
16 17 1 1 0
17 18 1 1 0
18 19 1 1 0
19 20 1 1 0
16 21 1 1 0
17 22 1 1 0
18 23 1 1 0
19 24 1 1 0
20 25 1 1 0
21 22 1 1 0
22 23 1 1 0
23 24 1 1 0
24 25 1 1 0                    
1
200000000 0.3 
1
1 0.3 0 0 0 
1
1 0 0 0
5
4 4 60 100 0 0
5 4 0 70 0 0
7 3 80 0 0 0
10 3 100 0 0 0
13 4 0 75 0 0
